%YAML:1.0
---
image_width: 640
image_height: 480
camera_matrix: !!opencv-matrix
   rows: 3
   cols: 3
   dt: d
   data: [ 5.8848217576251773e+02, 0., 3.1321616323456931e+02, 0.,
       5.8919781359391334e+02, 2.2274713206250993e+02, 0., 0., 1. ]
distortion_coefficients: !!opencv-matrix
   rows: 1
   cols: 5
   dt: d
   data: [ 3.0735093049902289e-02, 1.6344337787831670e-01,
       3.6102639601230729e-03, 1.5590892070748614e-03,
       -7.2886423258491007e-01 ]
